b=50;
k1=50;
k2=100;
m1=50;
m2=60;
